-20 0 -2.965
-20 10 -2.976
-20 15 -3.084
-20 20 -3.017
-20 25 -2.944
-20 5 -2.979
-20 30 -2.930
-20 35 -2.878
-20 40 -2.893
-20 45 -2.966
-20 50 -2.861
-20 55 -2.858
-20 60 -2.737
-20 65 -2.502
-20 100 -2.767
-20 105 -2.736
-20 110 -2.675
-20 70 -2.633
-20 75 -2.626
-20 80 -2.633
-20 85 -2.530
-20 90 -2.617
-20 95 -2.741
-20 115 -2.648
-20 120 -2.583
-20 125 -2.647
-20 130 -2.659
-20 135 -2.734
-20 140 -2.721
-20 145 -2.575
-20 150 -2.698
-20 155 -2.633
-20 160 -2.657
-20 165 -2.727
-20 170 -2.766
-20 175 -2.691
-20 180 -2.697
-20 185 -2.691
-20 190 -2.766
-20 195 -2.727
-20 200 -2.657
-20 205 -2.633
-20 210 -2.698
-20 215 -2.575
-20 220 -2.721
-20 225 -2.734
-20 230 -2.659
-20 235 -2.647
-20 240 -2.583
-20 245 -2.648
-20 250 -2.675
-20 255 -2.736
-20 260 -2.767
-20 265 -2.741
-20 270 -2.617
-20 275 -2.530
-20 280 -2.633
-20 285 -2.626
-20 290 -2.633
-20 295 -2.502
-20 300 -2.737
-20 305 -2.858
-20 310 -2.861
-20 315 -2.966
-20 320 -2.893
-20 325 -2.878
-20 330 -2.930
-20 335 -2.944
-20 340 -3.017
-20 345 -3.084
-20 350 -2.976
-10 0 -2.722
-10 10 -2.651
-10 15 -2.701
-10 20 -2.793
-10 25 -2.839
-10 30 -2.822
-10 5 -2.709
-20 355 -2.979
-10 35 -2.849
-10 40 -2.820
-10 45 -2.842
-10 50 -2.860
-10 55 -2.830
-10 60 -2.768
-10 65 -2.768
-10 70 -2.826
-10 75 -2.831
-10 100 -2.915
-10 105 -2.882
-10 110 -3.023
-10 115 -2.782
-10 80 -2.728
-10 85 -2.724
-10 90 -2.707
-10 95 -2.718
-10 120 -2.719
-10 125 -2.719
-10 130 -2.641
-10 135 -2.613
-10 140 -2.800
-10 145 -2.813
-10 150 -2.734
-10 155 -2.736
-10 160 -2.728
-10 165 -2.763
-10 170 -2.732
-10 175 -2.783
-10 180 -2.774
-10 185 -2.783
-10 190 -2.732
-10 195 -2.763
-10 200 -2.728
-10 205 -2.736
-10 210 -2.734
-10 215 -2.813
-10 220 -2.800
-10 225 -2.613
-10 230 -2.641
-10 235 -2.719
-10 240 -2.719
-10 245 -2.782
-10 250 -3.023
-10 255 -2.882
-10 260 -2.915
-10 265 -2.718
-10 270 -2.707
-10 275 -2.724
-10 280 -2.728
-10 285 -2.831
-10 290 -2.826
-10 295 -2.768
-10 300 -2.768
-10 305 -2.830
-10 310 -2.860
-10 315 -2.842
-10 320 -2.820
-10 325 -2.849
-10 330 -2.822
-10 335 -2.839
-10 340 -2.793
-10 345 -2.701
-10 350 -2.651
-10 355 -2.709
0 0 -2.545
0 10 -2.599
0 15 -2.639
0 5 -2.562
0 20 -2.609
0 25 -2.625
0 30 -2.664
0 35 -2.650
0 40 -2.515
0 45 -2.493
0 50 -2.614
0 55 -2.655
0 60 -2.736
0 65 -2.723
0 70 -2.678
0 75 -2.642
0 80 -2.720
0 85 -2.762
0 90 -2.587
0 95 -2.431
0 100 -2.681
0 105 -2.842
0 110 -2.763
0 115 -2.749
0 120 -2.824
0 125 -2.674
0 130 -2.606
0 135 -2.637
0 140 -2.782
0 145 -2.820
0 150 -2.783
0 155 -2.925
0 160 -2.968
0 165 -2.984
0 170 -2.816
0 175 -2.842
0 180 -2.875
0 185 -2.842
0 190 -2.816
0 195 -2.984
0 200 -2.968
0 205 -2.925
0 210 -2.783
0 215 -2.820
0 220 -2.782
0 225 -2.637
0 230 -2.606
0 235 -2.674
0 240 -2.824
0 245 -2.749
0 250 -2.763
0 255 -2.842
0 260 -2.681
0 265 -2.431
0 270 -2.587
0 275 -2.762
0 280 -2.720
0 285 -2.642
0 290 -2.678
0 295 -2.723
0 300 -2.736
0 305 -2.655
0 310 -2.614
0 315 -2.493
0 320 -2.515
0 325 -2.650
0 330 -2.664
0 335 -2.625
0 340 -2.609
0 345 -2.639
0 350 -2.599
0 355 -2.562
10 0 -2.290
10 10 -2.607
10 15 -2.696
10 20 -2.641
10 25 -2.518
10 5 -2.385
10 30 -2.385
10 35 -2.418
10 40 -2.332
10 45 -2.387
10 50 -2.395
10 55 -2.460
10 60 -2.517
10 65 -2.537
10 100 -2.681
10 105 -2.866
10 70 -2.615
10 75 -2.762
10 80 -2.759
10 85 -2.852
10 90 -2.565
10 95 -2.576
10 110 -2.788
10 115 -2.758
10 120 -2.797
10 125 -2.784
10 130 -2.858
10 135 -2.767
10 140 -2.723
10 145 -2.938
10 150 -2.913
10 155 -2.855
10 160 -2.731
10 165 -2.791
10 170 -2.852
10 175 -2.829
10 180 -2.814
10 185 -2.829
10 190 -2.852
10 195 -2.791
10 200 -2.731
10 205 -2.855
10 210 -2.913
10 215 -2.938
10 220 -2.723
10 225 -2.767
10 230 -2.858
10 235 -2.784
10 240 -2.797
10 245 -2.758
10 250 -2.788
10 255 -2.866
10 260 -2.681
10 265 -2.576
10 270 -2.565
10 275 -2.852
10 280 -2.759
10 285 -2.762
10 290 -2.615
10 295 -2.537
10 300 -2.517
10 305 -2.460
10 310 -2.395
10 315 -2.387
10 320 -2.332
10 325 -2.418
10 330 -2.385
10 335 -2.518
10 340 -2.641
10 345 -2.696
10 350 -2.607
10 355 -2.385
20 0 -2.524
20 10 -2.511
20 15 -2.443
20 5 -2.521
20 20 -2.390
20 25 -2.504
20 30 -2.412
20 35 -2.333
20 40 -2.340
20 45 -2.390
20 50 -2.301
20 55 -2.488
20 60 -2.479
20 65 -2.579
20 70 -2.529
20 75 -2.496
20 80 -2.662
20 85 -2.756
20 90 -2.405
20 100 -2.547
20 105 -2.677
20 110 -2.723
20 115 -2.687
20 120 -2.807
20 95 -2.315
20 125 -2.765
20 130 -2.761
20 135 -2.708
20 140 -2.781
20 145 -2.881
20 150 -2.758
20 155 -2.751
20 160 -2.764
20 165 -2.728
20 170 -2.701
20 175 -2.731
20 180 -2.750
20 185 -2.731
20 190 -2.701
20 195 -2.728
20 200 -2.764
20 205 -2.751
20 210 -2.758
20 215 -2.881
20 220 -2.781
20 225 -2.708
20 230 -2.761
20 235 -2.765
20 240 -2.807
20 245 -2.687
20 250 -2.723
20 255 -2.677
20 260 -2.547
20 265 -2.315
20 270 -2.405
20 275 -2.756
20 280 -2.662
20 285 -2.496
20 290 -2.529
20 295 -2.579
20 300 -2.479
20 305 -2.488
20 310 -2.301
20 315 -2.390
20 320 -2.340
20 325 -2.333
20 330 -2.412
20 335 -2.504
20 340 -2.390
20 345 -2.443
20 350 -2.511
20 355 -2.521
